22.16020939932418
22.06072480998075
126.20863168372159
-153.14502908773076
-148.81899919881138
-152.18266640033255
-155.26071971721512
-151.07852919990233
-157.4231117408615
-160.42255175403366
-158.00015074452216
-155.8922532002137
126.98867090355878
-36.47068833933755
22.19202638232839
128.70304778412793
129.36482857949494
-14.693156846684635
126.76622640916156
126.96103678904004
124.74081405434096
127.34835493374963
124.137294012795
-12.538639795164817
-139.95384122080347
-124.07215639961096
-137.27307881629923
-134.26565410359848
-143.43425108658982
-14.079439228570227
-155.76880330559825
-152.92310126540667
-157.31636443029095
-162.08803172667658
-159.2753205098708
-160.04408739340442
128.34916993741155
-164.61381915465853
126.2780923018582
128.63878032558173
128.74942087333855
126.07142351277899
127.54468298799046
121.10318767077499
-286.29081843386155
-160.4796586720358
-155.51387078378644
127.53542311274758
129.87580060334
128.57995934200025
136.18593656564926
-170.89172844635254
140.80601715431538
25.383237638518548
138.86660534572184
-14.402947530594174
-181.3639275316029
-14.306543037210213
-175.27063750584972
-178.27070816057997
-176.182823106658
134.3814657726786
134.59348902612754
25.470650960474412
-167.46610092857193
23.884313610572445
126.96012743409933
127.48301212440278
22.635693239781904
22.740600432087394
-16.46017136095757
21.911880966983247
21.905182575529835
22.060899467208262
22.43857510555628
129.28617027724056
134.16852604716732
23.74088912342492
-160.25263787401786
131.24291131446435
-174.48955569425817
133.9475045369167
26.099730214396924
-175.42409176821013
-179.81122833187558
138.07313344640923
134.42383949390225
25.563955962338568
24.836692907244274
133.254709258225
131.9456511292228
-172.62575025235822
128.37916240968013
-162.88911219744537
-183.71555708361484
120.91191787065958
21.847068681671825
21.946729344133054
-178.29864539467388
22.26658827331237
134.76265483906488
-171.90809341186966
137.71375882045245
-165.06076265182278
-179.63373328634634
-178.33806297638003
-14.775556724128409
139.3970668932185
141.2103088351425
138.1073066046759
-185.05641784593072
-181.14629585687874
-16.04577652374765
136.80075143060654
131.90844265350913
-15.113700656587952
133.23509088799995
129.05641754039388
128.14275520828465
22.23156917946649
-179.89955015026686
122.67880571252248
21.84047034577912
21.729314629108966
22.860989133419135
134.89051179385535
23.53385886174013
-163.15344336970793
-172.88712344458412
-176.4329519365537
-155.74590774555512
25.574444772100115
-189.93835619817972
-181.12528172118743
-181.27252295307989
139.14846851579142
135.4472589253481
-14.357388107195405
25.753376979946562
-175.21359082545808
-153.12419453192607
-14.707224561663175
-13.50479079778021
-169.92176807722905
125.24314533284132
126.75824497779521
124.55784866604833
21.689439488448595
123.06217562138113
124.57296051079315
22.206751865816393
23.370314895519538
-163.4628985113755
-161.95259236941317
-175.29220841220635
134.08496219717202
136.35253525466985
25.600921863833314
-178.47007581462518
-182.76317956906826
139.13837419741094
138.2044044627763
-185.53921184334803
-173.16907095067586
-15.37345760879057
134.32527687850865
23.83227930570274
126.09366383021995
128.26534109788554
131.49791343147888
124.68811811702497
127.51037180099244
-169.81330681182612
-171.5367569071849
129.07605180649287
22.090422849235214
136.12693005452414
23.63332725705251
-171.4627991221721
132.67438939520432
139.65965510725303
-15.148855143011813
-179.1718129021306
-179.0218466699824
136.78951421750648
138.52092814948114
138.87825093284798
134.7337067038056
-175.22964069880302
-13.765493471062166
132.98164642052043
24.627502550207247
128.178073701437
-178.61494163256603
130.50374763430275
-183.69749800872273
-172.07997781333597
121.57476264132855
-170.90943570482162
-170.44976247096986
128.04439056193775
127.1171891677202
-180.9865615211503
-167.05633213868364
-171.02859574722046
133.50061052911832
-15.179041974927891
132.73550325301645
140.20840447549935
133.32516200947077
-183.5401911250561
138.44185742815998
135.8422594803107
-167.07239267096315
-14.377297672680768
-13.935582524303173
-170.7858015842587
-13.88844811689838
128.89351672480004
130.24146465741885
-15.122608449156349
124.74645071057435
125.65444488360689
123.60741073914936
22.55871969801606
-165.19189395011495
-164.82666096000452
133.23238490641114
-156.77148109144738
133.92109653406197
137.67283948643168
-162.38374466564272
-181.8206574671276
134.9861860798714
-183.615081672767
133.63411314208938
136.72667277819792
-171.44872462887042
-175.64321814083343
