166.87134104476954
166.21341576964878
147.4520290057931
148.98896574226285
169.5681674070746
180.66937148607968
170.59131755272483
180.09420621056304
165.46511249403207
156.73858214575046
167.49987347755604
177.62166225021244
11.275086994095748
165.41934388410237
148.80497485219965
163.22536708731815
163.39628743233004
154.14699210080983
-137.28019195684024
183.5194530354954
171.52525816602238
12.02510346292697
172.13046705768312
152.4056790565573
149.35758699801684
182.4283005726863
315.7073316622471
-136.07907241416814
170.04033467767704
165.82487177014175
313.207597405414
190.41274474837374
301.8696075007242
156.75150028337146
167.48193546302394
176.83056316798783
180.31722448388058
188.70303359337365
181.8300868747732
173.17814989550752
178.16978105319563
12.17292933818461
193.82153053781505
194.62264192217225
185.69258895978433
185.73427958206497
192.83079242118453
187.72509008742708
188.22840007956484
174.60974334203516
177.60587861542075
159.95431810627483
179.6010466173604
-149.72912109960546
8.247319316755634
-150.82419831887157
182.2365731220909
-136.71977901338792
-132.65156851781146
-15.914232823307769
-156.889796109025
-162.25589498388499
-157.59216142473724
-134.24189613778975
-153.06240304046113
182.77712898996378
185.12959398919514
182.1671464284807
192.0706899011469
185.5362764537389
184.31004742309156
196.83339594713865
188.0834781642512
208.41388861823535
193.422983340825
183.86071463003697
160.27880610413004
172.47736112471796
160.17192328581132
168.32865443114738
151.72044069797818
152.31338888100004
153.1257873010424
165.56953874776855
166.14030458611498
155.90356228102146
176.93169120064127
310.17991359897445
316.0033323966404
163.18406120637516
170.16951542615058
181.05446669256315
10.622334721056948
189.97922277919702
185.64000822863835
326.6008345428116
192.44366138239067
-159.37435651155985
9.132214795249443
-161.3850846697076
-174.1303995569853
180.11403921781
183.56658475201144
-90.14335861538315
-75.01173337641116
-109.86223592712848
189.75131249584976
-157.78937117004426
192.49912813412092
175.676745040917
187.31825585052988
164.4236562754031
182.8500684251135
177.00618803982783
179.37620795852044
173.4620766117674
194.79933311313837
148.64679032602717
292.0976766315295
179.1914095430324
185.65992136904154
185.1860918818586
189.35462923034618
189.39717192274853
180.16969119742728
184.82714058728175
176.17964401282748
183.92509719236298
180.43376805263713
185.24358408629388
177.9896119697843
-150.05508059170063
-173.02717490456598
178.29946026798248
-147.61826047640372
178.32129437797602
-12.791851068341376
-141.77237031178265
-15.065650235657758
182.56341131354748
-163.49111619586213
328.79739846672857
-161.98196293941132
186.00195280062937
174.25356586264334
197.01878493441356
150.87337987161263
155.32062631307437
196.3509259252265
198.0222226246412
178.90023509839054
187.08694805444097
184.51845234179615
186.54578987308412
190.14510028554005
182.1525606695818
169.19995412022956
169.90058938902956
8.261397798580095
181.0826487520189
183.5437984654021
189.34370926306872
182.22232918743396
187.93653626789276
-107.8064350676202
17.067820902994065
-163.66280531493183
176.57344555286943
321.3732055060143
330.3660778947571
10.971438033027551
10.333121779713025
187.13805947351716
180.7602578587869
186.50672517214983
179.0686691393189
178.99683437683055
179.3662993921427
180.4129041066497
179.64233098290453
180.209053957196
170.83401969453902
194.39322189865877
176.4326889674622
166.2620460534043
172.46421237305012
184.68514171955727
191.51589447939156
185.36573983231648
191.79743047930071
175.4301582257023
169.98057946840532
326.3808697584492
181.37182886090687
-135.97742766128272
-113.58694091092856
162.37588910743168
168.6713021736792
-156.45935646667408
185.62997106544086
192.57823959319992
196.69391835749724
0.0
-128.15341898916887
176.56305638281512
191.75319953776332
184.7851356672769
173.53485540174526
317.70447935409805
180.04034048768014
187.15723467633765
165.94896097926798
324.69648727169476
201.1842286588583
178.708840702905
192.9216639413038
191.71917740654757
173.6521276249977
189.05435862354304
-161.54791783262652
186.51894819808237
186.4077412658151
164.67120737317651
184.1413994757588
162.3465075314986
189.53637884668194
-152.66805114744238
-168.52909413727537
-162.97101222536187
-140.76454299330894
-164.65796563208065
-130.1328003665087
-123.89883368844905
-132.74542503406497
-148.44591399490332
173.98987922294887
189.36405663768852
188.6186579086854
194.08732482837866
11.171448680210712
170.8478811470581
168.16086543200305
190.57345701585717
189.5367381173365
181.10392525642365
169.45713074054927
188.29802165213928
185.4303521198307
184.94881458604843
319.1265472709008
7.994289051897711
8.130589128939302
184.1638879012019
151.57705888209875
-162.86898235546997
-144.43442283143935
-154.80470448653534
171.35509077679737
179.03719473855824
316.0481705578942
180.77279906969235
190.8598976201781
192.0672738427781
176.34766760318934
11.367058484459697
187.8923803985121
181.75156519245604
173.9892693417881
190.7036266202341
173.44769776997828
193.80175071901147
193.5094182091873
175.14665102086198
-163.6608248729903
192.62023851868062
163.14440702054355
-95.19002289578462
329.92474841338
-136.4219230440859
8.371723692570955
189.72313582837936
180.708180472784
322.4118934159578
185.00983367002755
10.401010081522257
197.20360930608075
10.29422036488961
177.85410224477488
183.7315373540435
185.19930522727853
185.51696993845127
193.78671835888105
188.59649030788296
179.013137845127
157.80313948868042
181.5908336477357
8.783052740171522
168.77836451219284
173.81731098196462
6.226399207614007
189.3926100170882
185.97689047234996
190.42682789613653
195.72532160024144
11.225086241343865
-135.04390886959283
190.6330402638837
10.70879642833568
187.2130439039221
189.51014672682234
175.62091648653637
196.31861167908056
178.92874831616254
-161.77859141178973
143.36588612403258
-133.4102570675207
-99.68942773246103
-109.96303847753146
-109.87774881222789
-103.95358109524662
-147.2811820223218
177.8692491809103
178.11675664493663
307.39341223377977
184.18813162008874
184.70828371996458
178.48780378615194
171.75681889560235
174.46738007863925
187.91509437266595
183.28629196648325
185.90774317494188
175.818304170888
179.56010151222105
178.5772464921295
-163.76849072208148
166.56904837785385
180.416201439633
196.80125930046844
186.2074677684552
185.70612277208886
177.05319803837213
171.04643426384365
194.04969137730237
186.10242590690194
177.6294135241017
193.03452461554855
166.90150471782
196.2928888485158
187.36200574771047
165.53781476069068
-140.82404253954172
182.2558588973291
-138.5979625987579
-161.74116273749195
-102.3819868272634
-164.0658910090957
9.15982778183075
181.2234642879407
179.09141433046474
173.2377912192462
181.149599627026
168.88996891951138
296.91763832925676
189.7483996898344
-17.07595524225671
180.61705076672416
183.4475404014561
181.77200187781307
177.16837699992874
166.56855928483353
187.32131859230535
182.69310334495398
178.08766507772637
189.01121383081664
194.32564843175697
184.4579406916571
-145.99115656998586
195.77487175841446
162.84092022021383
171.22675495615903
173.1766288980183
170.10172840275973
185.96658479009625
176.6777575639581
163.5998250249161
169.67958186811552
10.493532149712292
191.40515773243246
327.5873534122538
189.04406284537228
188.94160175947087
174.39193903350142
170.6698032536448
189.27752667319257
180.87339323847306
-133.1503704856059
-141.8925158156803
-123.9497420936255
172.54305749990422
175.70482194925833
-155.0347175078505
186.91464983323058
-127.13049981007974
304.74559890173913
184.68555818149463
191.97574481980718
187.88021955513406
173.83866346871906
193.77619219395288
10.418618533181368
182.40203570089187
168.75940919990245
189.23317931490115
184.47954879208632
179.18051649072206
165.6174923873393
167.85098373717986
150.88746824890248
136.0176295687827
179.3694493743987
179.97143646430808
-2.7405566222658218
193.76649918071706
183.52714024071113
150.0326983160113
190.25209949548739
10.54440158679994
161.26157315918545
169.47773122413378
187.67537998541118
310.58744955226473
27.650852015315387
10.442695392200239
172.38430146640437
324.68750641515004
168.25564197244324
183.10305141650582
189.3926879759566
-143.638447686253
-158.11137708320786
-138.06558640505344
-145.1129140249189
187.55214598265354
-132.51992678317518
190.13477515701325
193.16373969819287
181.69753194576097
184.51557492979964
175.56997466968028
169.35467504608445
316.7442536121275
156.35054576440515
9.901155861889757
191.62322982627234
179.20501704081897
165.67185916183692
191.04303408346155
191.66043956763056
174.45738006523342
168.0970329071899
-170.53874122750477
171.23077558156604
-124.47377063315197
-171.73570767975215
-147.38089051486023
171.5729580859386
166.53633680141635
-140.86277487891238
188.47701476610337
184.38425305923417
190.30207762038887
168.45798774902482
172.99320035991946
184.73492020456095
189.65117457595818
-140.05010644963966
180.0599800335685
-163.01667581136857
-161.10087146139097
-138.2035347153315
-115.59134168305124
-154.85747993323983
173.20682504542498
-161.82575107662328
156.23020668164386
304.5392526675907
189.3394127161903
12.506492609064791
181.75848734214412
11.498273822662904
8.453173683760488
160.39636504561525
171.59619841819548
-154.84710290352933
176.26247634091064
180.9279279625995
-139.24337812373992
192.32334751943398
168.4156816435105
191.18569581190894
193.2928937141841
71.14952449024472
9.191512913555314
31.854181822621612
-148.4782164716829
194.95267133986752
-25.59372256721854
176.90127081396545
8.229575074979957
190.9343715008214
179.30322416461274
172.89653093869504
141.76345255461763
172.5806795569479
193.33756158445317
184.73195548472947
194.688066130926
-123.72623739189703
185.2039477897345
193.31210777549026
-145.04621112889836
-103.86452835912549
-66.43709599627716
-64.56674847233619
-114.17734217333376
-133.62757710218446
29.800837766779527
-129.35648384089603
-134.1245127798207
-84.70143493010006
26.501880552715114
-72.76040081840958
-24.41525749901901
-120.35695799016224
186.59581385309951
-127.47306554344767
-132.21007364922457
196.05114621498774
172.62977546619192
195.61988491237523
-134.84375795238986
183.48071625846507
309.1959506855919
162.95598032967757
152.444316038271
9.363832987039654
167.9104213271868
-166.87134104476954
-166.21341576964878
-147.4520290057931
-148.98896574226285
-169.5681674070746
-180.66937148607968
-170.59131755272483
-180.09420621056304
-165.46511249403207
-156.73858214575046
-167.49987347755604
-177.62166225021244
-11.275086994095748
-165.41934388410237
-148.80497485219965
-163.22536708731815
-163.39628743233004
-154.14699210080983
137.28019195684024
-183.5194530354954
-171.52525816602238
-12.02510346292697
-172.13046705768312
-152.4056790565573
-149.35758699801684
-182.4283005726863
-315.7073316622471
136.07907241416814
-170.04033467767704
-165.82487177014175
-313.207597405414
-190.41274474837374
-301.8696075007242
-156.75150028337146
-167.48193546302394
-176.83056316798783
-180.31722448388058
-188.70303359337365
-181.8300868747732
-173.17814989550752
-178.16978105319563
-12.17292933818461
-193.82153053781505
-194.62264192217225
-185.69258895978433
-185.73427958206497
-192.83079242118453
-187.72509008742708
-188.22840007956484
-174.60974334203516
-177.60587861542075
-159.95431810627483
-179.6010466173604
149.72912109960546
-8.247319316755634
150.82419831887157
-182.2365731220909
136.71977901338792
132.65156851781146
15.914232823307769
156.889796109025
162.25589498388499
157.59216142473724
134.24189613778975
153.06240304046113
-182.77712898996378
-185.12959398919514
-182.1671464284807
-192.0706899011469
-185.5362764537389
-184.31004742309156
-196.83339594713865
-188.0834781642512
-208.41388861823535
-193.422983340825
-183.86071463003697
-160.27880610413004
-172.47736112471796
-160.17192328581132
-168.32865443114738
-151.72044069797818
-152.31338888100004
-153.1257873010424
-165.56953874776855
-166.14030458611498
-155.90356228102146
-176.93169120064127
-310.17991359897445
-316.0033323966404
-163.18406120637516
-170.16951542615058
-181.05446669256315
-10.622334721056948
-189.97922277919702
-185.64000822863835
-326.6008345428116
-192.44366138239067
159.37435651155985
-9.132214795249443
161.3850846697076
174.1303995569853
-180.11403921781
-183.56658475201144
90.14335861538315
75.01173337641116
109.86223592712848
-189.75131249584976
157.78937117004426
-192.49912813412092
-175.676745040917
-187.31825585052988
-164.4236562754031
-182.8500684251135
-177.00618803982783
-179.37620795852044
-173.4620766117674
-194.79933311313837
-148.64679032602717
-292.0976766315295
-179.1914095430324
-185.65992136904154
-185.1860918818586
-189.35462923034618
-189.39717192274853
-180.16969119742728
-184.82714058728175
-176.17964401282748
-183.92509719236298
-180.43376805263713
-185.24358408629388
-177.9896119697843
150.05508059170063
173.02717490456598
-178.29946026798248
147.61826047640372
-178.32129437797602
12.791851068341376
141.77237031178265
15.065650235657758
-182.56341131354748
163.49111619586213
-328.79739846672857
161.98196293941132
-186.00195280062937
-174.25356586264334
-197.01878493441356
-150.87337987161263
-155.32062631307437
-196.3509259252265
-198.0222226246412
-178.90023509839054
-187.08694805444097
-184.51845234179615
-186.54578987308412
-190.14510028554005
-182.1525606695818
-169.19995412022956
-169.90058938902956
-8.261397798580095
-181.0826487520189
-183.5437984654021
-189.34370926306872
-182.22232918743396
-187.93653626789276
107.8064350676202
-17.067820902994065
163.66280531493183
-176.57344555286943
-321.3732055060143
-330.3660778947571
-10.971438033027551
-10.333121779713025
-187.13805947351716
-180.7602578587869
-186.50672517214983
-179.0686691393189
-178.99683437683055
-179.3662993921427
-180.4129041066497
-179.64233098290453
-180.209053957196
-170.83401969453902
-194.39322189865877
-176.4326889674622
-166.2620460534043
-172.46421237305012
-184.68514171955727
-191.51589447939156
-185.36573983231648
-191.79743047930071
-175.4301582257023
-169.98057946840532
-326.3808697584492
-181.37182886090687
135.97742766128272
113.58694091092856
-162.37588910743168
-168.6713021736792
156.45935646667408
-185.62997106544086
-192.57823959319992
-196.69391835749724
0.0
128.15341898916887
-176.56305638281512
-191.75319953776332
-184.7851356672769
-173.53485540174526
-317.70447935409805
-180.04034048768014
-187.15723467633765
-165.94896097926798
-324.69648727169476
-201.1842286588583
-178.708840702905
-192.9216639413038
-191.71917740654757
-173.6521276249977
-189.05435862354304
161.54791783262652
-186.51894819808237
-186.4077412658151
-164.67120737317651
-184.1413994757588
-162.3465075314986
-189.53637884668194
152.66805114744238
168.52909413727537
162.97101222536187
140.76454299330894
164.65796563208065
130.1328003665087
123.89883368844905
132.74542503406497
148.44591399490332
-173.98987922294887
-189.36405663768852
-188.6186579086854
-194.08732482837866
-11.171448680210712
-170.8478811470581
-168.16086543200305
-190.57345701585717
-189.5367381173365
-181.10392525642365
-169.45713074054927
-188.29802165213928
-185.4303521198307
-184.94881458604843
-319.1265472709008
-7.994289051897711
-8.130589128939302
-184.1638879012019
-151.57705888209875
162.86898235546997
144.43442283143935
154.80470448653534
-171.35509077679737
-179.03719473855824
-316.0481705578942
-180.77279906969235
-190.8598976201781
-192.0672738427781
-176.34766760318934
-11.367058484459697
-187.8923803985121
-181.75156519245604
-173.9892693417881
-190.7036266202341
-173.44769776997828
-193.80175071901147
-193.5094182091873
-175.14665102086198
163.6608248729903
-192.62023851868062
-163.14440702054355
95.19002289578462
-329.92474841338
136.4219230440859
-8.371723692570955
-189.72313582837936
-180.708180472784
-322.4118934159578
-185.00983367002755
-10.401010081522257
-197.20360930608075
-10.29422036488961
-177.85410224477488
-183.7315373540435
-185.19930522727853
-185.51696993845127
-193.78671835888105
-188.59649030788296
-179.013137845127
-157.80313948868042
-181.5908336477357
-8.783052740171522
-168.77836451219284
-173.81731098196462
-6.226399207614007
-189.3926100170882
-185.97689047234996
-190.42682789613653
-195.72532160024144
-11.225086241343865
135.04390886959283
-190.6330402638837
-10.70879642833568
-187.2130439039221
-189.51014672682234
-175.62091648653637
-196.31861167908056
-178.92874831616254
161.77859141178973
-143.36588612403258
133.4102570675207
99.68942773246103
109.96303847753146
109.87774881222789
103.95358109524662
147.2811820223218
-177.8692491809103
-178.11675664493663
-307.39341223377977
-184.18813162008874
-184.70828371996458
-178.48780378615194
-171.75681889560235
-174.46738007863925
-187.91509437266595
-183.28629196648325
-185.90774317494188
-175.818304170888
-179.56010151222105
-178.5772464921295
163.76849072208148
-166.56904837785385
-180.416201439633
-196.80125930046844
-186.2074677684552
-185.70612277208886
-177.05319803837213
-171.04643426384365
-194.04969137730237
-186.10242590690194
-177.6294135241017
-193.03452461554855
-166.90150471782
-196.2928888485158
-187.36200574771047
-165.53781476069068
140.82404253954172
-182.2558588973291
138.5979625987579
161.74116273749195
102.3819868272634
164.0658910090957
-9.15982778183075
-181.2234642879407
-179.09141433046474
-173.2377912192462
-181.149599627026
-168.88996891951138
-296.91763832925676
-189.7483996898344
17.07595524225671
-180.61705076672416
-183.4475404014561
-181.77200187781307
-177.16837699992874
-166.56855928483353
-187.32131859230535
-182.69310334495398
-178.08766507772637
-189.01121383081664
-194.32564843175697
-184.4579406916571
145.99115656998586
-195.77487175841446
-162.84092022021383
-171.22675495615903
-173.1766288980183
-170.10172840275973
-185.96658479009625
-176.6777575639581
-163.5998250249161
-169.67958186811552
-10.493532149712292
-191.40515773243246
-327.5873534122538
-189.04406284537228
-188.94160175947087
-174.39193903350142
-170.6698032536448
-189.27752667319257
-180.87339323847306
133.1503704856059
141.8925158156803
123.9497420936255
-172.54305749990422
-175.70482194925833
155.0347175078505
-186.91464983323058
127.13049981007974
-304.74559890173913
-184.68555818149463
-191.97574481980718
-187.88021955513406
-173.83866346871906
-193.77619219395288
-10.418618533181368
-182.40203570089187
-168.75940919990245
-189.23317931490115
-184.47954879208632
-179.18051649072206
-165.6174923873393
-167.85098373717986
-150.88746824890248
-136.0176295687827
-179.3694493743987
-179.97143646430808
2.7405566222658218
-193.76649918071706
-183.52714024071113
-150.0326983160113
-190.25209949548739
-10.54440158679994
-161.26157315918545
-169.47773122413378
-187.67537998541118
-310.58744955226473
-27.650852015315387
-10.442695392200239
-172.38430146640437
-324.68750641515004
-168.25564197244324
-183.10305141650582
-189.3926879759566
143.638447686253
158.11137708320786
138.06558640505344
145.1129140249189
-187.55214598265354
132.51992678317518
-190.13477515701325
-193.16373969819287
-181.69753194576097
-184.51557492979964
-175.56997466968028
-169.35467504608445
-316.7442536121275
-156.35054576440515
-9.901155861889757
-191.62322982627234
-179.20501704081897
-165.67185916183692
-191.04303408346155
-191.66043956763056
-174.45738006523342
-168.0970329071899
170.53874122750477
-171.23077558156604
124.47377063315197
171.73570767975215
147.38089051486023
-171.5729580859386
-166.53633680141635
140.86277487891238
-188.47701476610337
-184.38425305923417
-190.30207762038887
-168.45798774902482
-172.99320035991946
-184.73492020456095
-189.65117457595818
140.05010644963966
-180.0599800335685
163.01667581136857
161.10087146139097
138.2035347153315
115.59134168305124
154.85747993323983
-173.20682504542498
161.82575107662328
-156.23020668164386
-304.5392526675907
-189.3394127161903
-12.506492609064791
-181.75848734214412
-11.498273822662904
-8.453173683760488
-160.39636504561525
-171.59619841819548
154.84710290352933
-176.26247634091064
-180.9279279625995
139.24337812373992
-192.32334751943398
-168.4156816435105
-191.18569581190894
-193.2928937141841
-71.14952449024472
-9.191512913555314
-31.854181822621612
148.4782164716829
-194.95267133986752
25.59372256721854
-176.90127081396545
-8.229575074979957
-190.9343715008214
-179.30322416461274
-172.89653093869504
-141.76345255461763
-172.5806795569479
-193.33756158445317
-184.73195548472947
-194.688066130926
123.72623739189703
-185.2039477897345
-193.31210777549026
145.04621112889836
103.86452835912549
66.43709599627716
64.56674847233619
114.17734217333376
133.62757710218446
-29.800837766779527
129.35648384089603
134.1245127798207
84.70143493010006
-26.501880552715114
72.76040081840958
24.41525749901901
120.35695799016224
-186.59581385309951
127.47306554344767
132.21007364922457
-196.05114621498774
-172.62977546619192
-195.61988491237523
134.84375795238986
-183.48071625846507
-309.1959506855919
-162.95598032967757
-152.444316038271
-9.363832987039654
-167.9104213271868
