280.3176769310134
281.99645387841315
283.83269720030495
1585.66988998341
1581.7790616897164
1577.494532478639
1578.2309716895052
277.8488797889961
278.6198126479881
267.9888057363591
264.8339102154405
264.6828290615015
286.6810073932349
1757.9570529452646
271.55294143131647
273.2471408816568
277.2002886001384
268.79360111431225
282.98586537139977
285.156097602699
287.1271495348359
280.8291295432153
278.4690287985362
276.6224864323217
271.9577173017894
271.53268679847736
272.389427107588
276.22635645426743
273.99452549275503
279.95178156246834
1579.529360284259
1580.458794148079
1577.1116003631448
1578.040557146742
1578.040557146742
1579.8987309318277
280.31589323475754
1582.3179200148118
1595.6807324775216
274.17147918775214
273.6073829413234
279.0286723618202
278.65749586185547
1579.3397354590936
1693.4467809765974
220.38375620721234
1644.241162360315
237.03375287076733
237.00210969525145
219.02054698132775
192.09372712298546
193.83756085960223
165.55965692160635
164.02743672934722
155.82361823549087
159.47727110782904
144.12841496387864
129.24782396620841
137.05838172107534
136.01470508735443
130.24592124131948
144.1700384962146
148.48568954616468
165.04847772699995
165.07574019219177
189.08199279677586
203.0
222.1823575354263
240.01041644062033
218.67327225795108
267.1198233003309
236.07837681583632
256.78006153126455
253.78928267363852
221.61678636782008
241.29857024027308
215.39266468475662
200.8780724718355
194.06442229321684
178.01685313475238
156.69716015295236
139.44532978913278
133.18032887780387
138.70832707519762
139.35924798878617
136.8941196691808
148.21605850919124
158.02847844613325
173.2887763243771
176.47946056127893
197.144616969371
213.11499243366245
230.95670589961227
242.05164738129753
254.33245958783948
241.0020746798666
255.70686341981516
263.04752422328556
261.00766272276377
254.01771591761076
207.3957569479183
209.2390976849212
192.09372712298546
188.4489320744482
184.69975636150687
165.19382555047267
148.22280526288793
132.7742444904131
122.3315167894194
123.45444503945575
142.08800090085018
136.444127759314
146.972786596703
168.4280261714184
176.63804799646084
191.8593234638338
198.57995870681412
209.28927349484493
240.05207768315609
250.51147678300092
266.092089322475
240.75090861718465
266.12027356065903
269.0167281044062
249.06424873915566
235.35929979501554
214.84180226389836
205.08778608196053
195.57607215607945
184.53184007102948
161.19863522995473
154.46682491719702
143.75326083258076
131.0267148332736
133.06013678032951
129.6919426949878
148.43180252223578
163.35544068074378
146.66969693839283
186.52613757862463
177.72169254201918
194.48650338776724
199.12307751739877
247.94555854057964
235.0
260.0192300580863
243.47689828811275
282.63934616397626
276.0018115882575
263.4919353604584
236.78260071213003
246.64144015148793
208.00961516237658
199.2034136253694
188.53381659532593
172.23530416264836
152.190669884852
151.08275877809487
126.15070352558483
135.29966740535616
124.95199078045935
132.00378782444085
153.80507143784303
162.5207679036744
176.0113632695344
198.2952344359289
203.66639388961548
222.5758297749331
210.77001684300356
234.94041797868667
208.27385817716058
237.7414562082095
266.3174797117155
262.68802789621
236.48467180770933
237.22773868163057
233.21449354617735
212.02122535255756
187.57931655702342
185.4561942885705
166.24379687675568
157.99050604387594
149.05032707109368
148.47558721890948
127.90621564255585
122.78436382536663
153.28731193415845
142.21462653327893
145.0
166.67633305301626
169.14490828872147
196.72569735548024
216.03703386225243
241.51397475094478
241.0082986123092
239.00209204105306
261.48996156640504
280.0303554973996
285.63263118908526
266.42259663924904
224.37691503361035
250.05999280172747
226.2675407565124
208.0600874747485
193.12690128513947
182.3951753747889
161.89502771858065
147.10540438746634
135.79396157414365
142.22517358048822
143.17122615944868
147.2175261305528
157.99050604387594
152.029602380589
164.43843832875572
188.86238376129853
196.0025510038071
217.1128738697915
229.96086623597503
239.2091135387613
223.43007854807732
264.42579299304373
236.24140195994434
261.23169792351007
232.2154172315008
207.6174366473105
232.55106965997814
211.463944917331
190.24720760105785
190.16834647227702
172.10461934532728
152.0690632574555
142.21462653327893
142.89856542317
142.50614021858848
154.35349040433132
138.81282361511128
145.98630072715727
157.15597347857954
179.6941846582688
190.12890364171355
197.0101520226813
201.0
240.52026941611388
227.17834403833479
232.48440807933767
254.159398803192
267.47897113605023
270.5993348107123
239.30942313247925
236.5417510715603
231.48650068632512
214.39449619801343
197.20547659738054
185.0
156.8948692596415
152.0690632574555
141.41074923781431
140.29255147726127
132.67252918370102
136.82105101189657
120.50726119201282
139.44532978913278
139.74262055650738
155.42522317822161
171.4788616710526
176.10224302944013
195.1640335717624
217.14741536569116
231.10603626906848
235.41665191740367
243.00205760445732
256.87740266516244
256.4995126701024
256.632032295269
253.95472037353431
224.89997776789573
232.57256931977167
213.03755537463343
195.35864454894235
180.02499826412998
159.13830462839547
158.39823231336896
144.22205101855957
122.58874336577564
139.05754204644924
125.13193037750197
126.90547663517127
129.71121771072848
141.718029904455
153.08167754502824
172.19175357722565
172.13076424625552
199.3313823761828
212.03773249117714
227.14092541856036
223.75879870968203
248.20153101864622
234.00854685246006
268.26852219371546
1606.08623678805
1590.3219799776396
1614.0895266372308
245.34465553584002
1573.7680896498061
1578.9876503633586
276.4868893817571
271.4148116813082
270.542048487846
278.3415168457627
267.9178978717174
292.4414471308744
276.5248632582611
278.18878482066816
267.15164233071823
242.7385424690525
284.7384765008059
280.3176769310134
281.99645387841315
283.83269720030495
1585.66988998341
1581.7790616897164
1577.494532478639
1578.2309716895052
277.8488797889961
278.6198126479881
267.9888057363591
264.8339102154405
264.6828290615015
286.6810073932349
1757.9570529452646
271.55294143131647
273.2471408816568
277.2002886001384
268.79360111431225
282.98586537139977
285.156097602699
287.1271495348359
280.8291295432153
278.4690287985362
276.6224864323217
271.9577173017894
271.53268679847736
272.389427107588
276.22635645426743
273.99452549275503
279.95178156246834
1579.529360284259
1580.458794148079
1577.1116003631448
1578.040557146742
1578.040557146742
1579.8987309318277
280.31589323475754
1582.3179200148118
1595.6807324775216
274.17147918775214
273.6073829413234
279.0286723618202
278.65749586185547
1579.3397354590936
1693.4467809765974
220.38375620721234
1644.241162360315
237.03375287076733
237.00210969525145
219.02054698132775
192.09372712298546
193.83756085960223
165.55965692160635
164.02743672934722
155.82361823549087
159.47727110782904
144.12841496387864
129.24782396620841
137.05838172107534
136.01470508735443
130.24592124131948
144.1700384962146
148.48568954616468
165.04847772699995
165.07574019219177
189.08199279677586
203.0
222.1823575354263
240.01041644062033
218.67327225795108
267.1198233003309
236.07837681583632
256.78006153126455
253.78928267363852
221.61678636782008
241.29857024027308
215.39266468475662
200.8780724718355
194.06442229321684
178.01685313475238
156.69716015295236
139.44532978913278
133.18032887780387
138.70832707519762
139.35924798878617
136.8941196691808
148.21605850919124
158.02847844613325
173.2887763243771
176.47946056127893
197.144616969371
213.11499243366245
230.95670589961227
242.05164738129753
254.33245958783948
241.0020746798666
255.70686341981516
263.04752422328556
261.00766272276377
254.01771591761076
207.3957569479183
209.2390976849212
192.09372712298546
188.4489320744482
184.69975636150687
165.19382555047267
148.22280526288793
132.7742444904131
122.3315167894194
123.45444503945575
142.08800090085018
136.444127759314
146.972786596703
168.4280261714184
176.63804799646084
191.8593234638338
198.57995870681412
209.28927349484493
240.05207768315609
250.51147678300092
266.092089322475
240.75090861718465
266.12027356065903
269.0167281044062
249.06424873915566
235.35929979501554
214.84180226389836
205.08778608196053
195.57607215607945
184.53184007102948
161.19863522995473
154.46682491719702
143.75326083258076
131.0267148332736
133.06013678032951
129.6919426949878
148.43180252223578
163.35544068074378
146.66969693839283
186.52613757862463
177.72169254201918
194.48650338776724
199.12307751739877
247.94555854057964
235.0
260.0192300580863
243.47689828811275
282.63934616397626
276.0018115882575
263.4919353604584
236.78260071213003
246.64144015148793
208.00961516237658
199.2034136253694
188.53381659532593
172.23530416264836
152.190669884852
151.08275877809487
126.15070352558483
135.29966740535616
124.95199078045935
132.00378782444085
153.80507143784303
162.5207679036744
176.0113632695344
198.2952344359289
203.66639388961548
222.5758297749331
210.77001684300356
234.94041797868667
208.27385817716058
237.7414562082095
266.3174797117155
262.68802789621
236.48467180770933
237.22773868163057
233.21449354617735
212.02122535255756
187.57931655702342
185.4561942885705
166.24379687675568
157.99050604387594
149.05032707109368
148.47558721890948
127.90621564255585
122.78436382536663
153.28731193415845
142.21462653327893
145.0
166.67633305301626
169.14490828872147
196.72569735548024
216.03703386225243
241.51397475094478
241.0082986123092
239.00209204105306
261.48996156640504
280.0303554973996
285.63263118908526
266.42259663924904
224.37691503361035
250.05999280172747
226.2675407565124
208.0600874747485
193.12690128513947
182.3951753747889
161.89502771858065
147.10540438746634
135.79396157414365
142.22517358048822
143.17122615944868
147.2175261305528
157.99050604387594
152.029602380589
164.43843832875572
188.86238376129853
196.0025510038071
217.1128738697915
229.96086623597503
239.2091135387613
223.43007854807732
264.42579299304373
236.24140195994434
261.23169792351007
232.2154172315008
207.6174366473105
232.55106965997814
211.463944917331
190.24720760105785
190.16834647227702
172.10461934532728
152.0690632574555
142.21462653327893
142.89856542317
142.50614021858848
154.35349040433132
138.81282361511128
145.98630072715727
157.15597347857954
280.3176769310134
281.99645387841315
283.83269720030495
1585.66988998341
1581.7790616897164
1577.494532478639
1578.2309716895052
277.8488797889961
278.6198126479881
267.9888057363591
264.8339102154405
264.6828290615015
286.6810073932349
1757.9570529452646
271.55294143131647
273.2471408816568
277.2002886001384
268.79360111431225
282.98586537139977
285.156097602699
287.1271495348359
280.8291295432153
278.4690287985362
276.6224864323217
271.9577173017894
271.53268679847736
272.389427107588
276.22635645426743
273.99452549275503
279.95178156246834
1579.529360284259
1580.458794148079
1577.1116003631448
1578.040557146742
1578.040557146742
1579.8987309318277
280.31589323475754
1582.3179200148118
1595.6807324775216
274.17147918775214
273.6073829413234
279.0286723618202
278.65749586185547
1579.3397354590936
1693.4467809765974
220.38375620721234
1644.241162360315
237.03375287076733
237.00210969525145
219.02054698132775
192.09372712298546
193.83756085960223
165.55965692160635
164.02743672934722
155.82361823549087
159.47727110782904
144.12841496387864
129.24782396620841
137.05838172107534
136.01470508735443
130.24592124131948
144.1700384962146
148.48568954616468
165.04847772699995
165.07574019219177
189.08199279677586
203.0
222.1823575354263
240.01041644062033
218.67327225795108
267.1198233003309
236.07837681583632
256.78006153126455
253.78928267363852
221.61678636782008
241.29857024027308
215.39266468475662
200.8780724718355
194.06442229321684
178.01685313475238
156.69716015295236
139.44532978913278
280.3176769310134
281.99645387841315
283.83269720030495
1585.66988998341
1581.7790616897164
1577.494532478639
1578.2309716895052
277.8488797889961
278.6198126479881
267.9888057363591
264.8339102154405
264.6828290615015
286.6810073932349
1757.9570529452646
271.55294143131647
273.2471408816568
277.2002886001384
268.79360111431225
282.98586537139977
285.156097602699
287.1271495348359
280.8291295432153
278.4690287985362
276.6224864323217
271.9577173017894
271.53268679847736
272.389427107588
276.22635645426743
273.99452549275503
279.95178156246834
1579.529360284259
1580.458794148079
1577.1116003631448
1578.040557146742
1578.040557146742
1579.8987309318277
280.31589323475754
1582.3179200148118
1595.6807324775216
274.17147918775214
273.6073829413234
279.0286723618202
278.65749586185547
1579.3397354590936
1693.4467809765974
220.38375620721234
1644.241162360315
237.03375287076733
237.00210969525145
219.02054698132775
192.09372712298546
193.83756085960223
165.55965692160635
164.02743672934722
155.82361823549087
159.47727110782904
144.12841496387864
129.24782396620841
137.05838172107534
136.01470508735443
130.24592124131948
144.1700384962146
148.48568954616468
165.04847772699995
165.07574019219177
189.08199279677586
203.0
222.1823575354263
240.01041644062033
218.67327225795108
267.1198233003309
236.07837681583632
256.78006153126455
253.78928267363852
221.61678636782008
241.29857024027308
215.39266468475662
200.8780724718355
194.06442229321684
178.01685313475238
156.69716015295236
139.44532978913278
133.18032887780387
138.70832707519762
139.35924798878617
136.8941196691808
148.21605850919124
158.02847844613325
173.2887763243771
176.47946056127893
197.144616969371
213.11499243366245
230.95670589961227
242.05164738129753
254.33245958783948
241.0020746798666
255.70686341981516
263.04752422328556
261.00766272276377
254.01771591761076
207.3957569479183
209.2390976849212
192.09372712298546
188.4489320744482
184.69975636150687
165.19382555047267
148.22280526288793
132.7742444904131
122.3315167894194
123.45444503945575
142.08800090085018
136.444127759314
146.972786596703
168.4280261714184
176.63804799646084
191.8593234638338
198.57995870681412
209.28927349484493
240.05207768315609
250.51147678300092
266.092089322475
240.75090861718465
266.12027356065903
269.0167281044062
249.06424873915566
235.35929979501554
214.84180226389836
205.08778608196053
195.57607215607945
184.53184007102948
161.19863522995473
154.46682491719702
143.75326083258076
131.0267148332736
133.06013678032951
129.6919426949878
148.43180252223578
163.35544068074378
146.66969693839283
186.52613757862463
177.72169254201918
194.48650338776724
199.12307751739877
247.94555854057964
235.0
260.0192300580863
243.47689828811275
282.63934616397626
276.0018115882575
263.4919353604584
236.78260071213003
246.64144015148793
208.00961516237658
199.2034136253694
188.53381659532593
172.23530416264836
152.190669884852
151.08275877809487
126.15070352558483
135.29966740535616
124.95199078045935
132.00378782444085
153.80507143784303
162.5207679036744
176.0113632695344
198.2952344359289
203.66639388961548
222.5758297749331
210.77001684300356
234.94041797868667
208.27385817716058
237.7414562082095
266.3174797117155
262.68802789621
236.48467180770933
237.22773868163057
233.21449354617735
212.02122535255756
187.57931655702342
185.4561942885705
166.24379687675568
157.99050604387594
149.05032707109368
148.47558721890948
127.90621564255585
122.78436382536663
153.28731193415845
142.21462653327893
145.0
166.67633305301626
169.14490828872147
196.72569735548024
216.03703386225243
241.51397475094478
241.0082986123092
239.00209204105306
261.48996156640504
280.0303554973996
285.63263118908526
266.42259663924904
224.37691503361035
250.05999280172747
226.2675407565124
208.0600874747485
193.12690128513947
182.3951753747889
161.89502771858065
147.10540438746634
135.79396157414365
142.22517358048822
143.17122615944868
147.2175261305528
157.99050604387594
152.029602380589
164.43843832875572
188.86238376129853
196.0025510038071
217.1128738697915
229.96086623597503
239.2091135387613
223.43007854807732
264.42579299304373
236.24140195994434
261.23169792351007
232.2154172315008
207.6174366473105
232.55106965997814
211.463944917331
190.24720760105785
190.16834647227702
172.10461934532728
152.0690632574555
142.21462653327893
142.89856542317
142.50614021858848
154.35349040433132
138.81282361511128
145.98630072715727
157.15597347857954
179.6941846582688
190.12890364171355
197.0101520226813
201.0
240.52026941611388
227.17834403833479
232.48440807933767
254.159398803192
267.47897113605023
270.5993348107123
239.30942313247925
236.5417510715603
231.48650068632512
214.39449619801343
197.20547659738054
185.0
156.8948692596415
152.0690632574555
141.41074923781431
140.29255147726127
132.67252918370102
136.82105101189657
120.50726119201282
139.44532978913278
139.74262055650738
155.42522317822161
171.4788616710526
176.10224302944013
195.1640335717624
217.14741536569116
231.10603626906848
235.41665191740367
243.00205760445732
256.87740266516244
256.4995126701024
256.632032295269
253.95472037353431
224.89997776789573
232.57256931977167
213.03755537463343
195.35864454894235
180.02499826412998
159.13830462839547
158.39823231336896
144.22205101855957
122.58874336577564
139.05754204644924
125.13193037750197
126.90547663517127
129.71121771072848
141.718029904455
153.08167754502824
172.19175357722565
172.13076424625552
199.3313823761828
212.03773249117714
227.14092541856036
223.75879870968203
248.20153101864622
234.00854685246006
268.26852219371546
1606.08623678805
1590.3219799776396
1614.0895266372308
245.34465553584002
1573.7680896498061
1578.9876503633586
276.4868893817571
271.4148116813082
270.542048487846
278.3415168457627
267.9178978717174
292.4414471308744
276.5248632582611
278.18878482066816
267.15164233071823
242.7385424690525
284.7384765008059
280.3176769310134
281.99645387841315
283.83269720030495
1585.66988998341
1581.7790616897164
1577.494532478639
1578.2309716895052
277.8488797889961
278.6198126479881
267.9888057363591
264.8339102154405
264.6828290615015
286.6810073932349
1757.9570529452646
271.55294143131647
273.2471408816568
277.2002886001384
268.79360111431225
282.98586537139977
285.156097602699
287.1271495348359
280.8291295432153
278.4690287985362
276.6224864323217
271.9577173017894
271.53268679847736
272.389427107588
276.22635645426743
273.99452549275503
279.95178156246834
1579.529360284259
1580.458794148079
1577.1116003631448
1578.040557146742
1578.040557146742
1579.8987309318277
280.31589323475754
1582.3179200148118
1595.6807324775216
274.17147918775214
273.6073829413234
279.0286723618202
278.65749586185547
1579.3397354590936
1693.4467809765974
220.38375620721234
1644.241162360315
237.03375287076733
237.00210969525145
219.02054698132775
192.09372712298546
193.83756085960223
165.55965692160635
164.02743672934722
155.82361823549087
159.47727110782904
144.12841496387864
129.24782396620841
137.05838172107534
136.01470508735443
130.24592124131948
144.1700384962146
148.48568954616468
165.04847772699995
165.07574019219177
189.08199279677586
203.0
222.1823575354263
240.01041644062033
218.67327225795108
267.1198233003309
236.07837681583632
256.78006153126455
253.78928267363852
221.61678636782008
241.29857024027308
215.39266468475662
200.8780724718355
194.06442229321684
178.01685313475238
156.69716015295236
139.44532978913278
133.18032887780387
138.70832707519762
139.35924798878617
136.8941196691808
148.21605850919124
158.02847844613325
173.2887763243771
176.47946056127893
197.144616969371
213.11499243366245
230.95670589961227
242.05164738129753
254.33245958783948
241.0020746798666
255.70686341981516
263.04752422328556
261.00766272276377
254.01771591761076
207.3957569479183
209.2390976849212
192.09372712298546
188.4489320744482
184.69975636150687
165.19382555047267
148.22280526288793
280.3176769310134
281.99645387841315
283.83269720030495
1585.66988998341
1581.7790616897164
1577.494532478639
1578.2309716895052
277.8488797889961
278.6198126479881
267.9888057363591
264.8339102154405
264.6828290615015
286.6810073932349
1757.9570529452646
271.55294143131647
273.2471408816568
277.2002886001384
268.79360111431225
282.98586537139977
285.156097602699
287.1271495348359
280.8291295432153
278.4690287985362
276.6224864323217
271.9577173017894
271.53268679847736
272.389427107588
276.22635645426743
273.99452549275503
279.95178156246834
1579.529360284259
1580.458794148079
1577.1116003631448
1578.040557146742
1578.040557146742
1579.8987309318277
280.3176769310134
281.99645387841315
283.83269720030495
1585.66988998341
1581.7790616897164
1577.494532478639
1578.2309716895052
277.8488797889961
278.6198126479881
267.9888057363591
264.8339102154405
264.6828290615015
286.6810073932349
1757.9570529452646
271.55294143131647
273.2471408816568
277.2002886001384
268.79360111431225
282.98586537139977
285.156097602699
287.1271495348359
280.8291295432153
280.3176769310134
281.99645387841315
283.83269720030495
1585.66988998341
1581.7790616897164
1577.494532478639
1578.2309716895052
277.8488797889961
278.6198126479881
267.9888057363591
264.8339102154405
264.6828290615015
286.6810073932349
1757.9570529452646
271.55294143131647
273.2471408816568
277.2002886001384
268.79360111431225
282.98586537139977
285.156097602699
287.1271495348359
280.8291295432153
278.4690287985362
276.6224864323217
271.9577173017894
271.53268679847736
272.389427107588
276.22635645426743
273.99452549275503
279.95178156246834
1579.529360284259
1580.458794148079
1577.1116003631448
1578.040557146742
1578.040557146742
1579.8987309318277
280.31589323475754
1582.3179200148118
1595.6807324775216
274.17147918775214
273.6073829413234
279.0286723618202
278.65749586185547
1579.3397354590936
1693.4467809765974
220.38375620721234
1644.241162360315
237.03375287076733
237.00210969525145
219.02054698132775
192.09372712298546
193.83756085960223
165.55965692160635
164.02743672934722
155.82361823549087
159.47727110782904
144.12841496387864
129.24782396620841
280.3176769310134
281.99645387841315
283.83269720030495
1585.66988998341
1581.7790616897164
1577.494532478639
1578.2309716895052
277.8488797889961
278.6198126479881
267.9888057363591
264.8339102154405
264.6828290615015
286.6810073932349
1757.9570529452646
271.55294143131647
273.2471408816568
277.2002886001384
268.79360111431225
280.3176769310134
281.99645387841315
283.83269720030495
1585.66988998341
1581.7790616897164
1577.494532478639
1578.2309716895052
277.8488797889961
278.6198126479881
267.9888057363591
264.8339102154405
264.6828290615015
286.6810073932349
1757.9570529452646
271.55294143131647
273.2471408816568
280.3176769310134
281.99645387841315
283.83269720030495
1585.66988998341
1581.7790616897164
1577.494532478639
1578.2309716895052
277.8488797889961
278.6198126479881
267.9888057363591
264.8339102154405
264.6828290615015
286.6810073932349
1757.9570529452646
271.55294143131647
273.2471408816568
280.3176769310134
281.99645387841315
283.83269720030495
1585.66988998341
1581.7790616897164
1577.494532478639
1578.2309716895052
277.8488797889961
278.6198126479881
267.9888057363591
264.8339102154405
264.6828290615015
286.6810073932349
1757.9570529452646
271.55294143131647
273.2471408816568
277.2002886001384
268.79360111431225
282.98586537139977
285.156097602699
280.3176769310134
281.99645387841315
283.83269720030495
1585.66988998341
1581.7790616897164
1577.494532478639
1578.2309716895052
277.8488797889961
278.6198126479881
267.9888057363591
264.8339102154405
264.6828290615015
286.6810073932349
1757.9570529452646
271.55294143131647
273.2471408816568
277.2002886001384
268.79360111431225
282.98586537139977
285.156097602699
287.1271495348359
280.8291295432153
278.4690287985362
276.6224864323217
271.9577173017894
271.53268679847736
272.389427107588
276.22635645426743
273.99452549275503
279.95178156246834
1579.529360284259
1580.458794148079
1577.1116003631448
1578.040557146742
1578.040557146742
1579.8987309318277
280.31589323475754
1582.3179200148118
1595.6807324775216
274.17147918775214
273.6073829413234
279.0286723618202
278.65749586185547
1579.3397354590936
1693.4467809765974
220.38375620721234
1644.241162360315
237.03375287076733
280.3176769310134
281.99645387841315
283.83269720030495
1585.66988998341
1581.7790616897164
1577.494532478639
1578.2309716895052
277.8488797889961
278.6198126479881
267.9888057363591
264.8339102154405
264.6828290615015
286.6810073932349
1757.9570529452646
271.55294143131647
273.2471408816568
277.2002886001384
268.79360111431225
282.98586537139977
280.3176769310134
281.99645387841315
283.83269720030495
1585.66988998341
1581.7790616897164
1577.494532478639
1578.2309716895052
277.8488797889961
278.6198126479881
267.9888057363591
264.8339102154405
264.6828290615015
286.6810073932349
1757.9570529452646
271.55294143131647
280.3176769310134
281.99645387841315
283.83269720030495
1585.66988998341
1581.7790616897164
1577.494532478639
1578.2309716895052
277.8488797889961
278.6198126479881
267.9888057363591
264.8339102154405
264.6828290615015
286.6810073932349
1757.9570529452646
271.55294143131647
273.2471408816568
277.2002886001384
268.79360111431225
282.98586537139977
285.156097602699
287.1271495348359
280.8291295432153
278.4690287985362
276.6224864323217
280.3176769310134
281.99645387841315
283.83269720030495
1585.66988998341
1581.7790616897164
1577.494532478639
1578.2309716895052
277.8488797889961
278.6198126479881
267.9888057363591
264.8339102154405
264.6828290615015
286.6810073932349
1757.9570529452646
271.55294143131647
280.3176769310134
281.99645387841315
283.83269720030495
1585.66988998341
1581.7790616897164
1577.494532478639
1578.2309716895052
277.8488797889961
278.6198126479881
267.9888057363591
264.8339102154405
264.6828290615015
286.6810073932349
1757.9570529452646
271.55294143131647
273.2471408816568
277.2002886001384
268.79360111431225
280.3176769310134
281.99645387841315
283.83269720030495
1585.66988998341
1581.7790616897164
1577.494532478639
1578.2309716895052
277.8488797889961
278.6198126479881
267.9888057363591
264.8339102154405
264.6828290615015
286.6810073932349
1757.9570529452646
271.55294143131647
273.2471408816568
277.2002886001384
268.79360111431225
280.3176769310134
281.99645387841315
283.83269720030495
1585.66988998341
1581.7790616897164
1577.494532478639
1578.2309716895052
277.8488797889961
278.6198126479881
267.9888057363591
264.8339102154405
264.6828290615015
286.6810073932349
1757.9570529452646
271.55294143131647
273.2471408816568
277.2002886001384
268.79360111431225
282.98586537139977
285.156097602699
287.1271495348359
280.8291295432153
278.4690287985362
276.6224864323217
271.9577173017894
271.53268679847736
272.389427107588
276.22635645426743
280.3176769310134
281.99645387841315
283.83269720030495
1585.66988998341
1581.7790616897164
1577.494532478639
1578.2309716895052
277.8488797889961
278.6198126479881
267.9888057363591
264.8339102154405
264.6828290615015
286.6810073932349
1757.9570529452646
271.55294143131647
273.2471408816568
277.2002886001384
268.79360111431225
280.3176769310134
281.99645387841315
283.83269720030495
1585.66988998341
1581.7790616897164
1577.494532478639
1578.2309716895052
277.8488797889961
278.6198126479881
267.9888057363591
264.8339102154405
264.6828290615015
286.6810073932349
1757.9570529452646
271.55294143131647
273.2471408816568
277.2002886001384
268.79360111431225
282.98586537139977
285.156097602699
287.1271495348359
280.8291295432153
278.4690287985362
276.6224864323217
271.9577173017894
271.53268679847736
272.389427107588
280.3176769310134
281.99645387841315
283.83269720030495
1585.66988998341
1581.7790616897164
1577.494532478639
1578.2309716895052
277.8488797889961
278.6198126479881
267.9888057363591
264.8339102154405
264.6828290615015
286.6810073932349
1757.9570529452646
271.55294143131647
273.2471408816568
277.2002886001384
268.79360111431225
282.98586537139977
285.156097602699
287.1271495348359
280.8291295432153
278.4690287985362
276.6224864323217
271.9577173017894
271.53268679847736
272.389427107588
276.22635645426743
273.99452549275503
279.95178156246834
1579.529360284259
1580.458794148079
1577.1116003631448
1578.040557146742
1578.040557146742
1579.8987309318277
280.31589323475754
1582.3179200148118
1595.6807324775216
274.17147918775214
273.6073829413234
279.0286723618202
278.65749586185547
1579.3397354590936
1693.4467809765974
220.38375620721234
1644.241162360315
237.03375287076733
237.00210969525145
219.02054698132775
192.09372712298546
193.83756085960223
165.55965692160635
164.02743672934722
155.82361823549087
159.47727110782904
144.12841496387864
129.24782396620841
137.05838172107534
136.01470508735443
130.24592124131948
144.1700384962146
148.48568954616468
165.04847772699995
165.07574019219177
189.08199279677586
203.0
280.3176769310134
281.99645387841315
283.83269720030495
1585.66988998341
1581.7790616897164
1577.494532478639
1578.2309716895052
277.8488797889961
278.6198126479881
267.9888057363591
264.8339102154405
264.6828290615015
280.3176769310134
281.99645387841315
283.83269720030495
1585.66988998341
1581.7790616897164
1577.494532478639
1578.2309716895052
277.8488797889961
278.6198126479881
267.9888057363591
264.8339102154405
264.6828290615015
286.6810073932349
1757.9570529452646
271.55294143131647
273.2471408816568
277.2002886001384
268.79360111431225
282.98586537139977
285.156097602699
287.1271495348359
280.8291295432153
278.4690287985362
276.6224864323217
271.9577173017894
271.53268679847736
272.389427107588
276.22635645426743
273.99452549275503
279.95178156246834
1579.529360284259
1580.458794148079
1577.1116003631448
1578.040557146742
1578.040557146742
280.3176769310134
281.99645387841315
283.83269720030495
1585.66988998341
1581.7790616897164
1577.494532478639
1578.2309716895052
277.8488797889961
278.6198126479881
267.9888057363591
264.8339102154405
264.6828290615015
286.6810073932349
1757.9570529452646
271.55294143131647
273.2471408816568
277.2002886001384
280.3176769310134
281.99645387841315
283.83269720030495
1585.66988998341
1581.7790616897164
1577.494532478639
1578.2309716895052
277.8488797889961
278.6198126479881
267.9888057363591
264.8339102154405
264.6828290615015
286.6810073932349
1757.9570529452646
271.55294143131647
273.2471408816568
277.2002886001384
268.79360111431225
282.98586537139977
285.156097602699
287.1271495348359
280.8291295432153
278.4690287985362
276.6224864323217
271.9577173017894
271.53268679847736
272.389427107588
276.22635645426743
273.99452549275503
